0
0.146447
0.270598
0.353553
0.270598
0.270598
0.146447
0.270598
0.270598
0.5
0.270598
0.653281
0.353553
0.382683
0.353553
0.653281
0.382683
0.353553
0.382683
0.653281
0.5
0.653281
0.707107
0.653281
0.653281
0.5
0.653281
0.653281
0.853553
0.653281
0.92388
0.707107
0.653281
0.353553
0.270598
0.353553
0.653281
0.270598
0.146447
0.270598
0.653281
0.707107
0.92388
0.653281
0.5
0.653281
0.92388
0.853553
0.92388
0.853553
0.92388
0.92388
0.853553
0.92388
0.92388
1
0.92388
0.92388
0.853553
0.653281
0.5
0.270598
0.146447
4.68652e-17
0.146447
0.270598
4.68652e-17
-0.146447
4.68652e-17
0.270598
0.5
0.653281
0.270598
8.65956e-17
0.270598
0.653281
0.853553
0.92388
0.653281
0.353553
0.653281
0.92388
1
0.92388
0.707107
0.92388
0.92388
1
0.92388
0.92388
0.853553
0.92388
0.653281
0.707107
0.382683
0.353553
1.13143e-16
8.65956e-17
-0.270598
-0.146447
-0.270598
-0.146447
-0.270598
-0.270598
-0.353553
-0.270598
-0.270598
8.65956e-17
1.13143e-16
-0.270598
-0.5
-0.270598
1.13143e-16
0.353553
0.382683
1.13143e-16
-0.353553
1.13143e-16
0.382683
0.707107
0.653281
0.382683
1.22465e-16
0.382683
0.653281
0.853553
0.653281
0.353553
0.653281
0.653281
0.853553
0.653281
0.653281
0.5
0.653281
0.270598
0.353553
1.13143e-16
1.22465e-16
-0.382683
-0.353553
-0.653281
-0.5
-0.653281
-0.353553
-0.382683
-0.353553
-0.653281
-0.382683
-0.353553
-0.382683
-0.653281
-0.5
-0.653281
-0.653281
-0.707107
-0.653281
-0.653281
-0.353553
-0.382683
-0.653281
-0.853553
-0.653281
-0.382683
1.22465e-16
1.13143e-16
-0.382683
-0.707107
-0.382683
1.13143e-16
0.353553
0.270598
1.13143e-16
-0.353553
1.13143e-16
0.270598
0.5
0.270598
8.65956e-17
0.270598
0.270598
0.5
0.270598
0.270598
0.146447
0.270598
4.68652e-17
8.65956e-17
-0.270598
1.13143e-16
8.65956e-17
4.68652e-17
-0.270598
-0.353553
-0.653281
-0.382683
-0.353553
-0.270598
8.65956e-17
1.13143e-16
-0.270598
-0.5
-0.653281
-0.707107
-0.92388
-0.653281
-0.707107
-0.653281
-0.353553
-0.382683
-0.653281
-0.853553
-0.92388
-0.853553
-0.92388
-0.653281
-0.853553
-0.92388
-0.707107
-0.653281
-0.92388
-1
-0.92388
-0.707107
-0.653281
-0.382683
-0.707107
-0.92388
-0.853553
-0.653281
-0.92388
-0.853553
-0.653281
-0.353553
-0.270598
-0.353553
-0.653281
-0.707107
-0.382683
-0.653281
-0.5
-0.270598
-0.653281
-0.92388
-0.92388
-0.653281
-0.270598
4.68652e-17
0.146447
4.68652e-17
-0.146447
-0.270598
-0.146447
4.68652e-17
0
0.146447
0
0.270598
0.353553
0
0.382683
0.353553
0
0.270598
0
0.270598
0.5
0.270598
0
-0.270598
-0.270598
-0.5
-0.653281
-0.853553
-0.92388
-1
-0.92388
-0.853553
-0.653281
-0.5
-0.270598
-0.270598
-0.270598
-0.653281
-0.653281
-0.653281
-0.92388
-0.92388
-0.92388
-0.92388
-0.92388
-0.92388
-0.653281
-0.653281
-0.653281
-0.270598
-0.270598
-0.146447
-0.270598
0
0.146447
0
0.270598
0
0.353553
0
0.382683
0.707107
0.382683
0.653281
0.853553
0.653281
0.653281
0.707107
0.653281
0.382683
0.353553
0.382683
1.13143e-16
0.382683
0.653281
0.653281
0.382683
0
0.353553
0
0.270598
0.5
0.270598
0.270598
0.353553
0.270598
1.13143e-16
1.22465e-16
1.13143e-16
-0.382683
1.13143e-16
0.270598
0.270598
0
0.146447
0
4.68652e-17
8.65956e-17
4.68652e-17
-0.270598
-0.353553
-0.270598
-0.653281
-0.270598
4.68652e-17
0
-0.146447
0
-0.270598
-0.5
-0.270598
-0.653281
-0.270598
0
-0.353553
0
-0.382683
0
-0.353553
0
-0.270598
-0.146447
-0.270598
0
-0.270598
-0.5
-0.653281
-0.5
-0.270598
0
0.353553
0.653281
0.353553
0.382683
0.653281
0.853553
0.653281
0.382683
0
0.382683
0.707107
0.382683
0
-0.382683
-0.653281
-0.853553
-0.92388
-0.853553
-0.653281
-0.353553
0
-0.353553
-0.653281
-0.92388
-1
-0.92388
-1
-0.92388
-0.707107
-0.92388
-0.92388
-0.853553
-0.653281
-0.853553
-0.92388
-0.853553
-0.92388
-0.653281
-0.5
-0.270598
-0.5
-0.653281
-0.707107
-0.653281
-0.270598
-0.146447
0
0.270598
0.5
0.270598
0.653281
0.707107
0.92388
0.707107
0.653281
0.92388
1
0.92388
0.653281
0.353553
0.653281
0.853553
0.653281
0.270598
0
0.270598
0.5
0.653281
0.853553
0.92388
0.853553
0.653281
0.92388
0.853553
0.92388
0.653281
0.5
0.270598
0.653281
0.707107
0.653281
0.270598
0.146447
0.270598
0.353553
0.270598
0
0.353553
0.382683
0.707107
0.653281
0.707107
0.382683
0.653281
0.5
0.653281
0.382683
0.353553
0
0.382683
0.353553
0.382683
0
0.353553
0.270598
0.353553
0
0.270598
0.146447
0
0.146447
0.270598
0
4.68652e-17
0.270598
0.653281
0.92388
0.92388
0.653281
0.270598
0.146447
0
-0.146447
0
-0.146447
0
0
0
0
-0.382683
-0.353553
-0.382683
0
0
0.353553
0.270598
0
-0.270598
-0.653281
-0.707107
-0.382683
-0.707107
-0.653281
-0.382683
0
-0.353553
0
0
-0.270598
-0.353553
-0.653281
-0.853553
-0.653281
-0.353553
-0.270598
0
0
0.146447
0
-0.146447
-0.270598
-0.353553
-0.270598
0
-0.270598
-0.653281
-0.353553
-0.382683
-0.707107
-0.653281
-0.853553
-0.653281
-0.653281
-0.653281
-0.707107
-0.382683
-0.653281
-0.5
-0.653281
-0.382683
-0.353553
0
-0.353553
-0.653281
-0.382683
-0.353553
-0.382683
0
-0.382683
-0.653281
-0.92388
-0.707107
-0.92388
-0.653281
-0.353553
-0.270598
-0.5
-0.270598
-0.5
-0.270598
-0.270598
0
-0.146447
0
0
-0.353553
0
-0.270598
-0.353553
-0.653281
-0.270598
-0.146447
-0.270598
0
-0.146447
0
0
0
0
0.270598
0.146447
0.270598
0.270598
0.270598
0
-0.270598
-0.270598
-0.653281
-0.92388
-0.92388
-0.853553
-0.92388
-0.653281
-0.5
-0.653281
-0.270598
-0.146447
-0.270598
0
0
0
0.382683
0.353553
0.382683
0.653281
0.5
0.653281
0.653281
0.353553
0.653281
0.382683
0.653281
0.653281
0.382683
0
-0.382683
-0.653281
-0.92388
-0.653281
-0.707107
-0.653281
-0.382683
-0.353553
-0.382683
0
0
0
0.270598
0.353553
0.270598
0.653281
0.707107
0.653281
0.92388
0.853553
0.92388
0.92388
0.707107
0.92388
0.653281
0.353553
0.653281
0.270598
0.653281
0.92388
0.92388
0.653281
0.270598
0
-0.270598
-0.653281
-0.270598
-0.353553
-0.270598
0
0
