0.382683
0.353553
0.270598
0.146447
0.270598
0.653281
0.353553
0.653281
0.270598
0.5
0.270598
0.270598
0.146447
2.34326e-17
0.146447
0.270598
2.34326e-17
-0.146447
2.34326e-17
0.270598
0.5
0.270598
4.32978e-17
0.270598
0.653281
0.5
0.653281
0.270598
0.353553
0.270598
5.65713e-17
4.32978e-17
-0.270598
-0.146447
-0.270598
-0.146447
-0.270598
-0.270598
-0.353553
-0.270598
-0.270598
4.32978e-17
5.65713e-17
-0.270598
-0.5
-0.270598
5.65713e-17
0.353553
5.65713e-17
-0.353553
5.65713e-17
0.382683
0.353553
0.382683
5.65713e-17
6.12323e-17
5.65713e-17
-0.382683
-0.353553
-0.653281
-0.5
-0.653281
-0.353553
-0.382683
-0.353553
-0.653281
-0.382683
-0.353553
-0.382683
-0.653281
-0.5
-0.653281
-0.653281
-0.707107
-0.653281
-0.653281
-0.353553
-0.382683
-0.653281
-0.853553
-0.653281
-0.382683
6.12323e-17
-0.382683
-0.707107
-0.382683
5.65713e-17
6.12323e-17
5.65713e-17
-0.382683
-0.353553
-0.382683
-0.653281
-0.707107
-0.92388
-0.853553
-0.92388
-0.707107
-0.653281
-0.353553
-0.270598
-0.353553
-0.653281
-0.270598
-0.146447
-0.270598
-0.653281
-0.707107
-0.92388
-0.653281
-0.5
-0.653281
-0.92388
-0.853553
-0.92388
-0.92388
-0.853553
-0.92388
-0.92388
-0.707107
-0.653281
-0.92388
-1
-0.92388
-0.653281
-0.353553
-0.653281
-0.853553
-0.653281
-0.270598
-0.353553
-0.270598
-0.653281
-0.5
-0.653281
-0.653281
-0.853553
-0.92388
-1
-0.92388
-0.853553
-0.653281
-0.5
-0.270598
-0.146447
-7.02978e-17
-0.146447
-0.270598
-7.02978e-17
0.146447
-7.02978e-17
-0.270598
-0.5
-0.653281
-0.270598
-1.29893e-16
-0.270598
-0.653281
-0.853553
-0.92388
-0.653281
-0.353553
-0.653281
-0.92388
-1
-0.92388
-0.92388
-0.707107
-0.92388
-0.92388
-0.853553
-0.653281
-0.92388
-0.853553
-0.92388
-0.653281
-0.5
-0.653281
-0.707107
-0.653281
-0.270598
-0.5
-0.270598
-0.653281
-0.353553
-0.653281
-0.382683
-0.707107
-0.653281
-0.92388
-0.707107
-0.382683
-0.653281
-0.853553
-0.653281
-0.92388
-0.853553
-0.653281
-0.707107
-0.92388
-0.653281
-0.5
-0.653281
-0.707107
-0.382683
-0.653281
-0.707107
-0.653281
-0.853553
-0.92388
-0.653281
-0.353553
-0.382683
-0.353553
-1.69714e-16
-0.270598
-0.353553
-0.382683
-0.707107
-0.653281
-0.382683
-1.83697e-16
-1.69714e-16
-1.29893e-16
0.270598
-7.02978e-17
-1.29893e-16
-1.69714e-16
-0.353553
-0.270598
-1.69714e-16
0.353553
0.270598
0.146447
0.270598
0.146447
0.270598
-1.29893e-16
-7.02978e-17
0.270598
0.5
0.270598
0.270598
-1.69714e-16
-0.382683
-0.653281
-0.653281
-0.382683
-0.353553
-0.382683
-0.353553
-0.653281
-0.353553
-0.382683
0
0.353553
0.382683
0.653281
0.853553
0.92388
0.92388
0.853553
0.92388
0.653281
0.707107
0.653281
0.5
0.653281
0.92388
0.653281
0.270598
0.5
0.270598
0.353553
-1.69714e-16
-1.83697e-16
-0.382683
-0.353553
-0.653281
-0.5
-0.653281
-0.270598
-0.653281
-0.653281
-0.270598
-0.653281
-0.382683
-1.69714e-16
-0.382683
-1.69714e-16
0.382683
-1.69714e-16
0.270598
0.653281
0.270598
0.270598
0.653281
0.353553
0.270598
0
0.353553
0
0.270598
0
0.146447
0
2.34326e-17
4.32978e-17
2.34326e-17
-0.270598
-0.353553
-0.270598
-0.653281
-0.707107
-0.653281
-0.92388
-0.853553
-0.92388
-0.92388
-0.92388
-0.653281
-0.270598
2.34326e-17
0
-0.146447
0
-0.270598
-0.5
-0.270598
-0.653281
-0.853553
-0.653281
-0.92388
-1
-0.92388
-0.92388
-0.92388
-0.653281
-0.270598
0
-0.353553
0
-0.382683
-0.707107
-0.382683
-0.653281
-0.853553
-0.653281
-0.653281
-0.653281
-0.382683
0
-0.353553
0
-0.270598
-0.5
-0.270598
-0.270598
-0.270598
0
-0.146447
0
-7.02978e-17
0
0.146447
0
0.270598
0.353553
0.653281
0.707107
0.653281
0.5
0.653281
0.5
0.653281
0.92388
0.853553
0.653281
0.853553
0.92388
0.653281
0.353553
0.653281
0.92388
1
0.92388
0.707107
0.92388
0.92388
0.92388
0.653281
0.353553
0.382683
0.353553
0.653281
0.853553
0.92388
0.853553
0.653281
0.382683
-1.83697e-16
-1.69714e-16
-1.83697e-16
0.382683
0.707107
0.382683
-1.69714e-16
-0.353553
-0.270598
-0.353553
-1.69714e-16
0.353553
-1.69714e-16
-0.270598
-0.5
-0.270598
-0.5
-0.270598
-1.29893e-16
-0.270598
-0.270598
-0.353553
0
0.270598
0.5
0.653281
0.653281
0.707107
0.382683
0.707107
0.653281
0.382683
6.12323e-17
0.382683
0.653281
0.853553
0.653281
0.353553
0.653281
0.653281
0.707107
0.653281
0.5
0.270598
0.353553
5.65713e-17
0.353553
0.270598
5.65713e-17
-0.353553
5.65713e-17
0.270598
0.5
0.270598
0.270598
4.32978e-17
0.270598
0.270598
0.353553
0.270598
0.146447
0.270598
0
0.146447
2.34326e-17
4.32978e-17
-0.270598
4.32978e-17
2.34326e-17
-0.270598
-0.5
-0.270598
2.34326e-17
0.146447
0
2.34326e-17
-0.146447
2.34326e-17
0
-0.146447
-0.270598
-0.146447
0
-0.270598
-0.353553
0
-0.353553
-0.270598
0
-0.382683
-0.653281
-0.653281
-0.382683
5.65713e-17
0.270598
0.270598
0.353553
0.382683
0.353553
0
0.353553
0.382683
0.707107
0.92388
1
0.92388
0.853553
0.92388
1
0.92388
0.853553
0.653281
0.382683
0.653281
0.653281
0.707107
0.92388
0.707107
0.653281
0.92388
0.92388
0.853553
0.92388
0.707107
0.653281
0.853553
0.653281
0.353553
0.653281
0.853553
0.653281
0.707107
0.382683
0.353553
0
-0.353553
-0.270598
-0.146447
-0.270598
0
-0.270598
-0.270598
-0.146447
-7.02978e-17
-1.29893e-16
0.270598
0.353553
0.270598
0.653281
0.270598
-1.29893e-16
-7.02978e-17
0.270598
0.5
0.270598
-7.02978e-17
-0.146447
0
-0.146447
-0.270598
-7.02978e-17
0.146447
-7.02978e-17
0
-7.02978e-17
-0.270598
-1.69714e-16
-1.29893e-16
-1.69714e-16
0.270598
0.146447
0.270598
0.5
0.653281
0.5
0.270598
0.653281
0.382683
0.353553
0.382683
0
0.146447
0
0.270598
0.146447
0.270598
0.270598
0.353553
0.270598
0
0.353553
0
0.382683
0.707107
0.92388
0.653281
0.353553
0.653281
0.270598
0.653281
0.92388
0.653281
0.270598
0.270598
-1.69714e-16
0.382683
0.353553
0.382683
0.653281
0.5
0.653281
0.653281
0.353553
0.653281
0.92388
1
0.92388
0.92388
0.853553
0.92388
0.653281
0.5
0.653281
0.270598
0.146447
0.270598
2.34326e-17
0.270598
0.653281
0.92388
0.92388
0.92388
0.653281
0.382683
0.653281
0.707107
0.653281
0.92388
0.853553
0.92388
0.92388
0.707107
0.382683
0.653281
0.853553
0.653281
0.653281
0.707107
0.653281
0.382683
0.353553
0.382683
5.65713e-17
4.32978e-17
5.65713e-17
-0.270598
-0.146447
-0.270598
-0.270598
-0.270598
5.65713e-17
0.382683
0.653281
0.653281
0.382683
0.653281
0.653281
0.653281
0.853553
0.653281
0.382683
0
